0000101011100110
1000000000000010
0000000000000010
1000000000000110
0000000000000111
1000000000000010
0000000000000010
1000000000000101
0000000000000111
1000000000000010
0000000000000010
1000000000000101
0000000000000111
1000000000000010
0000000000000010
1000000000000101
0000000000001000
1000000000000010
0000000000000001
1000000000000010
0000000000001010
1000000000000001
0000000000000010
1000000000000011
0000000000000001
1000000000000010
0000000000000111
1000000000000001
0000000000000001
1000000000000010
0000000000000001
1000000000000010
0000000000000001
1000000000000001
0000000000000111
1000000000000001
0000000000000010
1000000000000011
0000000000000001
1000000000000010
0000000000000101
1000000000000001
0000000000000010
1000000000000010
0000000000000010
1000000000000100
0000000000000111
1000000000000001
0000000000000001
1000000000000100
0000000000000010
1000000000000001
0000000000000110
1000000000000001
0000000000000010
1000000000000001
0000000000000010
1000000000000001
0000000000000001
1000000000000001
0000000000000111
1000000000000001
0000000000000011
1000000000000011
0000000000000001
1000000000000001
0000000000001000
1000000000000001
0000000000000001
1000000000000110
0000000000000110
1000000000000001
0000000000000001
1000000000000001
0000000000000010
1000000000000010
0000000000000010
1000000000000010
0000000011010111
1000000000000001
0000000000000001
1000000000000001
0000000000000010
1000000000000010
0000000000001001
1000000000000010
0000000000000010
1000000000000101
0000000000000110
1000000000000010
0000000000000010
1000000000000110
0000000000000101
1000000000000001
0000000000000001
1000000000000001
0000000000000001
1000000000000001
0000000000000001
1000000000000001
0000000000000001
1000000000000001
0000000000000001
1000000000000001
0000000000000101
1000000000000011
0000000000000010
1000000000000010
0000000000000001
1000000000000011
0000000000001000
1000000000000101
0000000000000010
1000000000000001
0000000000000111
1000000000000010
0000000000000010
1000000000000010
0000000000000010
1000000000000001
0000000000000111
1000000000000010
0000000000000010
1000000000000010
0000000000000010
1000000000000001
0000000000000111
1000000000000010
0000000000000010
1000000000000010
0000000000000010
1000000000000001
0000000000000110
1000000000000011
0000000000000001
1000000000000010
0000000000000010
1000000000000010
0000000000000101
1000000000000001
0000000000000010
1000000000000001
0000000000000001
1000000000000001
0000000000000001
1000000000000010
0000000000000111
1000000000000001
0000000000000001
1000000000000001
0000000000000010
1000000000000001
0000000000000001
1000000000000010
0000000000000001
1000000000000001
0000000000000101
1000000000000001
0000000000000011
1000000000000101
0000000000001000
1000000000000001
0000000000000001
1000000000000001
0000000000000001
1000000000000010
0000000000000001
1000000000000001
0000000000000111
1000000000000001
0000000000000001
1000000000000010
0000000000000010
1000000000000001
0000000000000001
1000000000000001
0000000000000001
1000000000000001
0000000000000101
1000000000000110
0000000000000001
1000000000000100
0000000000000101
1000000000000100
0000000000000011
1000000000000100
0000000000000101
1000000000000001
0000000000000010
1000000000000010
0000000000000010
1000000000000010
0000000000001001
1000000000000010
0000000000000010
1000000000000101
0000000011011000
1000000000000010
0000000000000001
1000000000000010
0000000000000010
1000000000000001
0000000000000111
1000000000000010
0000000000000001
1000000000000001
0000000000000001
1000000000000001
0000000000000001
1000000000000001
0000000000000111
1000000000000011
0000000000000001
1000000000000001
0000000000000010
1000000000000001
0000000000000001
1000000000000001
0000000000000110
1000000000000101
0000000000000010
1000000000000001
0000000000000001
1000000000000001
0000000000000101
1000000000000001
0000000000000010
1000000000000110
0000000000000111
1000000000000001
0000000000000001
1000000000000010
0000000000000001
1000000000000010
0000000000000001
1000000000000001
0000000000000001
1000000000000001
0000000000000101
1000000000000110
0000000000000001
1000000000000100
0000000000000101
1000000000000110
0000000000000001
1000000000000100
0000000000000101
1000000000000110
0000000000000001
1000000000000100
0000000000000101
1000000000000110
0000000000000001
1000000000000100
0000000000000101
1000000000000110
0000000000000001
1000000000000100
0000000000000101
1000000000000100
0000000000000011
1000000000000100
0000000000000101
1000000000000010
0000000000000001
1000000000000001
0000000000000010
1000000000000001
0000000000000001
1000000000000010
0000000000000110
1000000000000001
0000000000000001
1000000000000110
0000000000000010
1000000000000001
0000000000000101
1000000000000110
0000000000000001
1000000000000100
0000000000000101
1000000000000100
0000000000000010
1000000000000001
0000000000000001
1000000000000011
0000000000000101
1000000000000010
0000000000000010
1000000000000001
0000000000000001
1000000000000001
0000000000000001
1000000000000010
0000000000000111
1000000000000010
0000000000000010
1000000000000001
0000000000000001
1000000000000001
0000000000000001
1000000000000010
0000000000001000
1000000000000010
0000000000000001
1000000000000010
0000000011001010
1000000000000011
0000000000000001
1000000000000101
0000000000000101
1000000000000010
0000000000000001
1000000000000001
0000000000000010
1000000000000100
0000000000000110
1000000000000101
0000000000000010
1000000000000100
0000000000000101
1000000000000110
0000000000000001
1000000000000100
0000000000000101
1000000000000110
0000000000000001
1000000000000100
0000000000000101
1000000000000110
0000000000000001
1000000000000100
0000000000000101
1000000000000110
0000000000000001
1000000000000100
0000000000000101
1000000000000110
0000000000000001
1000000000000100
0000000000000101
1000000000000110
0000000000000001
1000000000000100
0000000000000101
1000000000000110
0000000000000001
1000000000000100
0000000000000101
1000000000000110
0000000000000001
1000000000000100
0000000000000101
1000000000000110
0000000000000010
1000000000000011
0000000000000101
1000000000000001
0000000000000001
1000000000000010
0000000000000001
1000000000000100
0000000000000001
1000000000000001
0000000000000110
1000000000000001
0000000000000001
1000000000000010
0000000000000001
1000000000000001
0000000000000010
1000000000000001
0000000000000111
1000000000000001
0000000000000001
1000000000000001
0000000000000010
1000000000000001
0000000000000010
1000000000000001
0000000000000111
1000000000000001
0000000000000001
1000000000000001
0000000000000010
1000000000000001
0000000000000010
1000000000000001
0000000000001000
1000000000000011
0000000000000001
1000000000000101
0000000000000111
1000000000000001
0000000000000001
1000000000000001
0000000000000010
1000000000000001
0000000000000010
1000000000000001
0000000000000110
1000000000000010
0000000000000001
1000000000000011
0000000000000010
1000000000000010
0000000011010101
1000000000000010
0000000000000001
1000000000000011
0000000000000010
1000000000000010
0000000000000110
1000000000000010
0000000000000001
1000000000000110
0000000000000001
1000000000000001
0000000000000101
1000000000000100
0000000000000001
1000000000000001
0000000000000010
1000000000000011
0000000000000101
1000000000000110
0000000000000001
1000000000000100
0000000000000101
1000000000000110
0000000000000001
1000000000000100
0000000000000101
1000000000000110
0000000000000001
1000000000000100
0000000000000101
1000000000000110
0000000000000001
1000000000000100
0000000000000101
1000000000000110
0000000000000001
1000000000000100
0000000000000101
1000000000000010
0000000000000010
1000000000000011
0000000000000001
1000000000000010
0000000000000110
1000000000000010
0000000000000001
1000000000000010
0000000000000001
1000000000000011
0000000000000111
1000000000000011
0000000000000001
1000000000000001
0000000000000011
1000000000000011
0000000000000101
1000000000000100
0000000000000001
1000000000000001
0000000000000001
1000000000000100
0000000000000101
1000000000000001
0000000000000010
1000000000000001
0000000000000001
1000000000000001
0000000000000001
1000000000000010
0000000000000001
1000000000000001
0000000000000101
1000000000000001
0000000000000010
1000000000000010
0000000000000010
1000000000000100
0000000000000110
1000000000000101
0000000000000010
1000000000000001
0000000000000001
1000000000000001
0000000000000110
1000000000000101
0000000000000010
1000000000000001
0000000000000001
1000000000000001
0000000000000110
1000000000000001
0000000000000001
1000000000000001
0000000000000010
1000000000000010
0000000000000010
1000000000000001
0000000000000111
1000000000000101
0000000000000010
1000000000000001
0000000000000110
1000000000000010
0000000000000010
1000000000000110
0000000011011000
1000000000000010
0000000000000010
1000000000000101
0000000000000110
1000000000000010
0000000000000010
1000000000000011
0000000000000001
1000000000000010
0000000000000101
1000000000000001
0000000000000001
1000000000000001
0000000000000010
1000000000000001
0000000000000001
1000000000000010
0000000000000001
1000000000000001
0000000000000101
1000000000000001
0000000000000001
1000000000000001
0000000000000010
1000000000000001
0000000000000010
1000000000000001
0000000000000001
1000000000000001
0000000000000101
1000000000000010
0000000000000001
1000000000000110
0000000000000001
1000000000000001
0000000000000101
1000000000000110
0000000000000001
1000000000000100
0000000000000101
1000000000000101
0000000000000011
1000000000000011
0000000000000101
1000000000000010
0000000000000001
1000000000000010
0000000000000001
1000000000000100
0000000000000111
1000000000000001
0000000000000001
1000000000000010
0000000000000010
1000000000000100
0000000000000111
1000000000000010
0000000000000001
1000000000000010
0000000000000011
1000000000000001
0000000000000110
1000000000000001
0000000000000001
1000000000000001
0000000000000001
1000000000000011
0000000000000001
1000000000000001
0000000000000110
1000000000000001
0000000000000010
1000000000000001
0000000000000010
1000000000000001
0000000000000001
1000000000000001
0000000000001000
1000000000000010
0000000000000010
1000000000000010
0000000000000010
1000000000000010
0000000101001000
1000000000000011
0000000000000001
1000000000000001
0000000000001010
1000000000000110
0000000000000010
1000000000000001
0000000000000111
1000000000000011
0000000000000001
1000000000000010
0000000000000010
1000000000000001
0000000000000110
1000000000000010
0000000000000001
1000000000000100
0000000000000001
1000000000000010
0000000000000101
1000000000000010
0000000000000001
1000000000000001
0000000000000001
1000000000000001
0000000000000010
1000000000000010
0000000000000110
1000000000000011
0000000000000001
1000000000000010
0000000000000001
1000000000000100
0000000000000101
1000000000000100
0000000000000010
1000000000000010
0000000000000001
1000000000000010
0000000000000111
1000000000000010
0000000000000010
1000000000000101
0000000000000110
1000000000000010
0000000000000010
1000000000000110
0000000000000101
1000000000000001
0000000000000010
1000000000000010
0000000000000010
1000000000000100
0000000000000111
1000000000000001
0000000000000001
1000000000000110
0000000000001000
1000000000000001
0000000000000010
1000000000000011
0000000000000001
1000000000000010
0000000101010111
1000000000000101
0000000000000010
1000000000000001
0000000000001000
1000000000000001
0000000000000001
1000000000000001
0000000000000010
1000000000000010
0000000000001000
1000000000000001
0000000000000001
1000000000000010
0000000000000010
1000000000000100
0000000000000101
1000000000000001
0000000000000001
1000000000000010
0000000000000010
1000000000000001
0000000000000001
1000000000000001
0000000000000001
1000000000000001
0000000000000101
1000000000000011
0000000000000001
1000000000000010
0000000000000010
1000000000000011
0000000000000101
1000000000000001
0000000000000001
1000000000000010
0000000000000001
1000000000000011
0000000000000010
1000000000000001
0000000000000110
1000000000000010
0000000000000010
1000000000000110
0000000110110111
1000000000000001
0000000000000001
1000000000000010
0000000000000001
1000000000000010
0000000000000001
1000000000000001
0000000000000101
1000000000000110
0000000000000001
1000000000000001
0000000000000001
1000000000000010
0000000000000101
1000000000000011
0000000000000010
1000000000000110
0000000000000101
1000000000000010
0000000000000001
1000000000000010
0000000000000010
1000000000000010
0000000000000111
1000000000000010
0000000000000001
1000000000000001
0000000000000010
1000000000000001
0000000000000001
1000000000000010
0000000000001001
1000000000000101
0000000000000010
1000000000000001
0000000110100111
1000000000000001
0000000000000001
1000000000000001
0000000000000010
1000000000000010
0000000000001001
1000000000000010
0000000000000001
1000000000000010
0000000000000011
1000000000000001
0000000000000101
1000000000000001
0000000000000001
1000000000000010
0000000000000001
1000000000000001
0000000000000010
1000000000000001
0000000000000001
1000000000000001
0000000000000101
1000000000000101
0000000000000001
1000000000000101
0000000000000110
1000000000000001
0000000000000001
1000000000000110
0000000000001001
1000000000000001
0000000000000001
1000000000000001
0000000000000001
1000000000000010
0000000000000001
1000000000000001
0000000000000110
1000000000000001
0000000000000001
1000000000000010
0000000000000001
1000000000000001
0000000000000010
1000000000000001
0000000000000001
1000000000000001
0000000000000110
1000000000000110
0000000000000001
1000000000000001
0000000000000001
1000000000000001
0000000110010110
1000000000000010
0000000000000010
1000000000000110
0000000000000110
1000000000000001
0000000000000001
1000000000000010
0000000000000010
1000000000000100
0000000000000101
1000000000000100
0000000000000011
1000000000000100
0000000000000101
1000000000000100
0000000000000010
1000000000000001
0000000000000001
1000000000000010
0000000000000110
1000000000000001
0000000000000001
1000000000000001
0000000000000001
1000000000000001
0000000000000010
1000000000000010
0000000000000001
1000000000000001
0000000000000110
1000000000000100
0000000000000001
1000000000000010
0000000000000001
1000000000000010
0000000000000111
1000000000000001
0000000000000001
1000000000000100
0000000000000010
1000000000000001
0000000000000110
1000000000000010
0000000000000010
1000000000000110
0000000110010110
1000000000000101
0000000000000010
1000000000000001
0000000000000001
1000000000000001
0000000000000110
1000000000000001
0000000000000001
1000000000000011
0000000000000001
1000000000000001
0000000000000010
1000000000000001
0000000000000101
1000000000000101
0000000000000010
1000000000000001
0000000000000001
1000000000000010
0000000000000101
1000000000000101
0000000000000001
1000000000000101
0000000000000101
1000000000000110
0000000000000001
1000000000000100
0000000000000101
1000000000000001
0000000000000001
1000000000000010
0000000000000001
1000000000000010
0000000000000001
1000000000000011
0000000000000110
1000000000000001
0000000000000010
1000000000000100
0000000000000001
1000000000000001
0000000000000110
1000000000000001
0000000000000001
1000000000000010
0000000000000001
1000000000000001
0000000000000010
1000000000000001
0000000000000001
1000000000000001
0000000110000101
1000000000000010
0000000000000010
1000000000000110
0000000000000111
1000000000000101
0000000000000010
1000000000000001
0000000000000001
1000000000000001
0000000000000110
1000000000000001
0000000000000010
1000000000000001
0000000000000010
1000000000000001
0000000000000001
1000000000000001
0000000000000110
1000000000000001
0000000000000001
1000000000000010
0000000000000010
1000000000000001
0000000000000001
1000000000000001
0000000000000001
1000000000000001
0000000000000101
1000000000000011
0000000000000001
1000000000000010
0000000000000010
1000000000000011
0000000000000101
1000000000000100
0000000000000010
1000000000000001
0000000000000001
1000000000000011
0000000000000101
1000000000000001
0000000000000001
1000000000000101
0000000000000001
1000000000000001
0000000000000001
1000000000000001
0000000000000110
1000000000000010
0000000000000010
1000000000000001
0000000000000001
1000000000000001
0000000000000001
1000000000000010
0000000000000101
1000000000000010
0000000000000010
1000000000000110
0000000110010110
1000000000000001
0000000000000010
1000000000000010
0000000000000010
1000000000000100
0000000000000111
1000000000000011
0000000000000010
1000000000000001
0000000000000010
1000000000000001
0000000000000110
1000000000000011
0000000000000001
1000000000000001
0000000000000001
1000000000000001
0000000000000001
1000000000000010
0000000000000101
1000000000000010
0000000000000010
1000000000000010
0000000000000010
1000000000000010
0000000000000110
1000000000000101
0000000000000010
1000000000000001
0000000000000001
1000000000000010
0000000000000101
1000000000000010
0000000000000010
1000000000000110
0000000000000111
1000000000000100
0000000000000010
1000000000000001
0000000000000001
1000000000000010
0000000110100111
1000000000000101
0000000000000010
1000000000000001
0000000000001001
1000000000000101
0000000000000010
1000000000000001
0000000000000101
1000000000000001
0000000000000001
1000000000000001
0000000000000010
1000000000000010
0000000000000010
1000000000000010
0000000000000101
1000000000000101
0000000000000001
1000000000000101
0000000000000101
1000000000000100
0000000000000001
1000000000000001
0000000000000010
1000000000000011
0000000000000101
1000000000000011
0000000000000001
1000000000000101
0000000000000001
1000000000000001
0000000000000111
1000000000000001
0000000000000010
1000000000000001
0000000000000001
1000000000000001
0000000000000010
1000000000000001
0000000110000101
1000000000000010
0000000000000010
1000000000000110
0000000000001000
1000000000000010
0000000000000010
1000000000000010
0000000000000010
1000000000000001
0000000000000110
1000000000000001
0000000000000010
1000000000000001
0000000000000001
1000000000000001
0000000000000001
1000000000000010
0000000000000110
1000000000000001
0000000000000001
1000000000000010
0000000000000011
1000000000000010
0000000000000001
1000000000000001
0000000000000101
1000000000000101
0000000000000001
1000000000000101
0000000000000101
1000000000000100
0000000000000001
1000000000000110
0000000000000101
1000000000000010
0000000000000010
1000000000000001
0000000000000001
1000000000000100
0000000000001000
1000000000000001
0000000000000010
1000000000000001
0000000000000001
1000000000000001
0000000000000010
1000000000000001
0000000101011000
1000000000000101
0000000000000010
1000000000000001
0000000000000101
1000000000000001
0000000000000001
1000000000000001
0000000000000010
1000000000000010
0000000000000010
1000000000000010
0000000000000111
1000000000000001
0000000000000001
1000000000000001
0000000000000001
1000000000000011
0000000000000001
1000000000000001
0000000000000110
1000000000000011
0000000000000001
1000000000000101
0000000000000110
1000000000000001
0000000000000010
1000000000000011
0000000000000010
1000000000000001
0000000000000111
1000000000000010
0000000000000011
1000000000000101
0000000000000110
1000000000000011
0000000000000001
1000000000000001
0000000000000011
1000000000000011
0000000000000101
1000000000000110
0000000000000010
1000000000000011
0000000000000101
1000000000000011
0000000000000001
1000000000000010
0000000000000001
1000000000000100
0000000000000101
1000000000000001
0000000000000001
1000000000000001
0000000000000001
1000000000000001
0000000000000001
1000000000000011
0000000000000001
1000000000000001
0000000000000110
1000000000000010
0000000000000010
1000000000000110
0000000100110101
1000000000000010
0000000000000010
1000000000000110
0000000000000111
1000000000000001
0000000000000001
1000000000000010
0000000000000001
1000000000000001
0000000000000010
1000000000000001
0000000000001001
1000000000000101
0000000000000010
1000000000000001
0000000000000110
1000000000000001
0000000000000010
1000000000000100
0000000000000001
1000000000000001
0000000000000110
1000000000000001
0000000000000001
1000000000000001
0000000000000011
1000000000000011
0000000000000001
1000000000000001
0000000000000101
1000000000000011
0000000000000001
1000000000000001
0000000000000011
1000000000000011
0000000000000101
1000000000000101
0000000000000001
1000000000000001
0000000000000001
1000000000000011
0000000000000101
1000000000000110
0000000000000001
1000000000000100
0000000000000101
1000000000000101
0000000000000010
1000000000000100
0000000000000101
1000000000000011
0000000000000001
1000000000000010
0000000000000001
1000000000000100
0000000000000101
1000000000000010
0000000000000010
1000000000000010
0000000000000001
1000000000000011
0000000000000110
1000000000000010
0000000000000010
1000000000000010
0000000000000010
1000000000000011
0000000101000101
1000000000000110
0000000000000001
1000000000000001
0000000000000001
1000000000000010
0000000000000111
1000000000000110
0000000000000010
1000000000000001
0000000000000101
1000000000000001
0000000000000010
1000000000000110
0000000000000001
1000000000000001
0000000000000101
1000000000000110
0000000000000010
1000000000000010
0000000000000110
1000000000000110
0000000000000001
1000000000000100
0000000000000101
1000000000000110
0000000000000001
1000000000000100
0000000000000101
1000000000000110
0000000000000001
1000000000000100
0000000000000101
1000000000000110
0000000000000001
1000000000000100
0000000000000101
1000000000000010
0000000000000001
1000000000000111
0000000000000110
1000000000000001
0000000000000010
1000000000000001
0000000000000001
1000000000000001
0000000000000010
1000000000000001
0000000000001001
1000000000000011
0000000000000001
1000000000000101
0000000100110101
1000000000000010
0000000000000010
1000000000000110
0000000000001000
1000000000000010
0000000000000001
1000000000000010
0000000000000011
1000000000000001
0000000000000101
1000000000000001
0000000000000010
1000000000000001
0000000000000001
1000000000000010
0000000000000001
1000000000000001
0000000000000111
1000000000000011
0000000000000010
1000000000000010
0000000000000001
1000000000000011
0000000000000101
1000000000000110
0000000000000001
1000000000000100
0000000000000101
1000000000000110
0000000000000001
1000000000000100
0000000000000101
1000000000000110
0000000000000001
1000000000000100
0000000000000101
1000000000000110
0000000000000001
1000000000000100
0000000000000101
1000000000000010
0000000000000010
1000000000000011
0000000000000001
1000000000000010
0000000000000111
1000000000000011
0000000000000010
1000000000000001
0000000000000010
1000000000000010
0000000000000111
1000000000000001
0000000000000010
1000000000000001
0000000000000001
1000000000000001
0000000000000001
1000000000000010
0000000000000110
1000000000000010
0000000000000010
1000000000000110
0000000100010101
1000000000000010
0000000000000010
1000000000000110
0000000000000110
1000000000000001
0000000000000010
1000000000000001
0000000000000001
1000000000000010
0000000000000001
1000000000000001
0000000000000111
1000000000000001
0000000000000010
1000000000000001
0000000000000010
1000000000000011
0000000000000111
1000000000000001
0000000000000001
1000000000000011
0000000000000010
1000000000000010
0000000000000001
1000000000000001
0000000000000101
1000000000000010
0000000000000001
1000000000000010
0000000000000011
1000000000000010
0000000000000110
1000000000000011
0000000000000001
1000000000000011
0000000000000001
1000000000000011
0000000000000101
1000000000000101
0000000000000001
1000000000000001
0000000000000001
1000000000000011
0000000000000101
1000000000000110
0000000000000001
1000000000000100
0000000000000101
1000000000000100
0000000000000001
1000000000000010
0000000000000001
1000000000000011
0000000000000101
1000000000000010
0000000000000010
1000000000000001
0000000000000001
1000000000000100
0000000000000111
1000000000000010
0000000000000001
1000000000000001
0000000000000010
1000000000000001
0000000000000001
1000000000000010
0000000000000111
1000000000000001
0000000000000001
1000000000000110
0000000000000110
1000000000000001
0000000000000001
1000000000000010
0000000000000001
1000000000000001
0000000000000010
1000000000000001
0000000000000001
1000000000000001
0000000000000111
1000000000000010
0000000000000010
1000000000000101
0000000100000101
1000000000000001
0000000000000001
1000000000000001
0000000000000001
1000000000000001
0000000000000001
1000000000000001
0000000000000001
1000000000000001
0000000000000001
1000000000000001
0000000000000111
1000000000000110
0000000000000010
1000000000000001
0000000000000101
1000000000000001
0000000000000011
1000000000000101
0000000000000111
1000000000000001
0000000000000001
1000000000000001
0000000000000010
1000000000000010
0000000000000001
1000000000000001
0000000000000001
1000000000000001
0000000000000101
1000000000000011
0000000000000010
1000000000000001
0000000000000001
1000000000000100
0000000000000101
1000000000000100
0000000000000011
1000000000000100
0000000000000101
1000000000000101
0000000000000001
1000000000000001
0000000000000001
1000000000000011
0000000000000101
1000000000000110
0000000000000001
1000000000000100
0000000000000101
1000000000000101
0000000000000001
1000000000000001
0000000000000001
1000000000000011
0000000000000101
1000000000000011
0000000000000001
1000000000000110
0000000000000110
1000000000000001
0000000000000010
1000000000000011
0000000000000001
1000000000000100
0000000000000111
1000000000000110
0000000000000010
1000000000000001
0000000000000101
1000000000000011
0000000000000010
1000000000000010
0000000000000001
1000000000000011
0000000000000111
1000000000000010
0000000000000010
1000000000000101
0000000000000110
1000000000000010
0000000000000010
1000000000000110
0000000100010111
1000000000000001
0000000000000001
1000000000000001
0000000000000001
1000000000000010
0000000000000010
1000000000000001
0000000000000101
1000000000000010
0000000000000010
1000000000000001
0000000000000001
1000000000000010
0000000000000001
1000000000000001
0000000000000110
1000000000000010
0000000000000001
1000000000000100
0000000000000001
1000000000000010
0000000000000110
1000000000000100
0000000000000011
1000000000000100
0000000000000101
1000000000000110
0000000000000001
1000000000000100
0000000000000101
1000000000000011
0000000000000001
1000000000000001
0000000000000010
1000000000000100
0000000000000101
1000000000000010
0000000000000011
1000000000000010
0000000000000001
1000000000000010
0000000000000110
1000000000000001
0000000000000001
1000000000000110
0000000000000010
1000000000000001
0000000000000101
1000000000000001
0000000000000010
1000000000000010
0000000000000001
1000000000000001
0000000000000001
1000000000000001
0000000000001000
1000000000000011
0000000000000001
1000000000000101
0000000000001000
1000000000000010
0000000000000010
1000000000000101
0000000000000111
1000000000000010
0000000000000010
1000000000000101
0000000101000111
1000000000000001
0000000000000001
1000000000000001
0000000000000001
1000000000000010
0000000000000001
1000000000000001
0000000000000111
1000000000000010
0000000000000001
1000000000000010
0000000000000001
1000000000000011
0000000000000110
1000000000000001
0000000000000010
1000000000000110
0000000000000001
1000000000000001
0000000000000101
1000000000000001
0000000000000010
1000000000000110
0000000000000001
1000000000000001
0000000000000101
1000000000000001
0000000000000010
1000000000000110
0000000000000001
1000000000000001
0000000000000110
1000000000000101
0000000000000011
1000000000000010
0000000000000110
1000000000000001
0000000000000001
1000000000000010
0000000000000001
1000000000000001
0000000000000010
1000000000000001
0000000000000111
1000000000000001
0000000000000010
1000000000000011
0000000000000001
1000000000000011
0000000000000111
1000000000000001
0000000000000001
1000000000000100
0000000000000010
1000000000000001
0000000000000110
1000000000000110
0000000000000001
1000000000000001
0000000000000001
1000000000000001
0000011100100000
